1 1
1 1000000
64 1838
2921 9034
4697 3580
1308 7168
8887 2101
7836 9011
7248 3842
9855 254
9604 4914
6861 2892
4980 6941
682 806
8441 4600
7531 8492
4436 4910
3832 8800
8446 1495
592 9428
8020 516
1379 4001
2928 1711
6225 309
7508 8408
6351 5327
6906 4979
1951 2136
2889 5164
5565 5200
1090 499
459 2358
9026 9186
5916 3414
2493 484
3501 6923
1697 4191
1523 7482
7568 4815
5788 9750
2944 2053
2403 1894
5189 6446
3153 9780
9588 5067
742 5578
779 5560
1735 4977
4835 6169
7114 7116
7894 1967
7530 6461
8806 8071
4045 5117
7331 2013
4595 4055
797 668
6330 4756
8510 7313
7592 7919
8630 8556
8446 2142
9861 6335
7344 2052
3728 4090
1104 2664
9719 4534
3478 1314
6739 4446
6009 4387
1847 4415
6246 7551
1731 5748
7376 7383
9481 3753
2941 8200
6288 9779
5220 5054
1246 652
1550 9083
1479 9804
8058 2899
7958 4414
333 2607
7181 3358
7119 8821
3904 1709
4301 7955
84 4033
3598 5062
4153 4600
8280 8863
2991 9360
1229 4928
1604 2471
1414 9676
5664 2507
5418 4406
7913 9968
2576 3234
6064 8518
5272 4952
7073 1904
9692 1072
336 4211
4389 6042
3189 4272
3711 2957
5233 995
4098 4785
5464 7662
2045 8744
4952 5223
1774 126
1729 2555
5030 340
201 5461
7237 4589
5072 7234
7305 7126
3215 9325
2178 4007
3679 736
264 4786
8161 451
3823 2764
9570 684
9589 3185
9897 7680
801 9268
4677 5469
4215 4830
7169 2964
8260 2676
5621 9421
3631 4744
7968 9449
5725 8107
1741 4006
9772 46
5638 8023
5977 3656
7995 9901
6519 3707
7545 1653
9585 7161
1164 7164
4174 9733
6722 8043
5113 3568
9348 5241
6546 8184
1055 4649
8176 5903
3330 7309
1134 5991
3281 508
7769 4412
1131 7726
2523 4984
5415 367
1684 2742
1966 8091
4963 9729
4646 5393
1323 2088
4602 4130
6436 9214
8346 3744
2179 4168
4592 3538
1240 3296
7983 485
8205 7956
5418 4792
7458 9770
372 9366
8319 9611
2585 2608
6662 1890
5800 9468
51 2410
7287 8563
9050 4870
4729 7381
4918 9683
7858 8825
83 1001
8670 731
9242 9608
5833 2593
3469 7004
8120 7771
4049 4347
3541 8953
1270 5899
7605 777
5181 9243
8553 8983
3737 9031
142 4944
7798 4687
3730 2209
6566 3583
8358 6601
3356 3106
9388 1822
347 3515
1796 2517
5510 4218
2827 2596
9830 1173
59 8506
4467 5911
8270 9593
6899 6230
4139 9625
2943 8721
455 9324
755 8606
330 4014
4125 4020
8061 2228
8092 8794
4636 6661
751 4407
5136 5150
663 1393
5324 2520
5060 8987
589 8574
3903 3577
363 8802
9348 2090
3591 4828
8053 6678
390 1404
5942 7538
8859 4883
4631 2623
6044 3775
3142 5837
7533 2549
2768 6893
1558 1075
892 3786
5333 2576
3438 4115
5946 8843
7495 6308
2477 8240
5159 7129
9193 689
3536 6326
1042 1840
3626 5597
8535 4072
3415 9659
8146 4927
6804 9759
223 126
1269 8355
4036 6100
2849 439
193 6910
1802 2077
4750 9828
8407 6843
2974 2950
6286 7899
3723 2599
1756 1760
5537 5920
3514 7101
3435 5262
1757 8137
4120 7324
7851 2378
9847 1480
7789 4827
2084 8126
9294 7729
901 1461
1138 8097
4451 7163
4011 9192
1724 2719
4653 2361
3227 4786
7349 5570
1056 8801
8260 9119
9227 4335
8974 1632
4561 552
3995 7511
5189 2052
1372 9205
9015 946
2047 7925
4741 1382
1192 960
4104 7820
1377 5060
5380 9115
4832 5694
8636 5184
1733 2396
5545 6451
506 3006
6394 7060
6006 1001
5047 4589
6140 6463
7663 7308
6210 9255
2242 7307
6583 1620
8628 1097
111 8291
7409 4568
6596 7341
8407 8739
5687 4824
3538 1175
1924 9589
7415 8529
4974 3248
1294 8871
817 2827
7140 4099
6263 9162
8750 7879
7183 9728
1500 9895
6116 9962
1473 6460
6902 8666
6331 2345
6186 7376
7021 6346
8972 4103
8700 5364
4754 6051
4847 795
6829 678
869 3603
4650 6812
4860 8555
741 9101
6386 7954
9551 7383
938 4653
1241 7838
2742 6238
4360 9461
1773 7255
525 5087
3200 8289
6769 1347
4922 3984
9422 1908
8105 7920
2213 1005
7747 1034
5913 2596
9058 6220
9614 3699
3681 7192
9022 5799
608 5264
7786 6199
5952 1589
2107 7161
4546 165
2090 6115
5601 463
9873 5333
164 5528
4362 1943
1192 2444
9365 8531
291 1244
7911 1450
5692 3014
3238 1399
199 734
948 5276
9835 5537
2668 7040
3096 1434
4175 2595
737 1193
595 7175
2964 6938
1071 9448
466 3943
9389 1317
940 3450
9978 186
541 580
889 9326
5094 2738
1542 2704
7124 7758
7931 5783
146 5111
710 5091
3433 6745
4530 7666
774 2807
7567 6005
3009 5043
7501 2174
8911 4486
1657 7107
9960 1517
1278 6476
6654 5139
6117 3183
6108 2379
1972 2722
3942 2655
7870 5126
6612 5755
4940 97
1719 495
1905 199
3382 3150
2113 7022
9513 5885
9141 179
4555 644
6185 5054
5841 7404
5026 5321
1704 9960
2408 2955
1777 7675
9923 9435
6828 191
8407 8988
862 8868
84 1144
1773 3792
9860 7845
6132 7974
3868 3795
5420 6819
1022 8631
1913 9890
3655 6663
8879 3
2907 9695
312 9330
2142 741
1470 3177
1528 6778
1164 1462
5250 6811
6768 483
9322 9399
5383 4046
5234 5540
8739 1193
8128 4831
671 2228
6210 3489
7389 4343
6715 4915
7595 7501
7870 1354
1530 556
4076 9942
4642 6993
6505 5925
9435 43
8491 8176
2243 7624
3065 851
4121 7083
4235 8758
1812 1605
9035 4849
3421 5776
5688 6733
9844 7174
8434 8205
7133 2922
7855 7286
6753 404
7433 7780
7005 6679
9072 7703
4601 8284
6703 7286
4352 9740
7332 2329
2003 4910
1608 4712
7500 4931
3946 1996
9409 6669
7642 376
5678 2398
1605 2088
1040 4920
9674 2193
3530 4438
5404 6171
4055 3448
1911 7433
8502 7469
8209 750
8573 6093
7088 3456
3045 3416
5022 1622
1069 9985
1260 2313
2360 887
8526 1852
7411 1933
5919 2443
6593 1866
4546 4532
2231 8263
3240 2326
337 2901
9665 5745
4700 7654
4685 3492
9046 6290
3333 34
442 6058
8464 9864
449 800
949 8620
3172 4413
6138 3772
6898 3356
9658 4353
6267 4714
8161 1422
1641 2576
2721 8492
6345 4009
5391 7966
157 1450
8612 5094
1108 8366
5370 5407
2010 5460
4659 6997
4030 2754
1935 6662
7063 9452
900 4563
9191 4898
1594 1300
648 8710
8517 1963
588 8805
874 153
8323 9042
877 354
2691 1413
1236 5807
8434 5354
9434 7740
898 4474
9340 1268
6621 9226
9180 6202
7852 1116
7330 6944
7649 643
7747 9958
4813 4972
9393 9200
4911 5069
7319 6520
481 1753
9188 2796
1391 3307
4061 5247
6524 1151
734 6481
8957 1075
1351 7276
558 1054
2300 868
348 372
3454 7896
1706 9723
7488 3543
1845 5625
4591 9958
8405 300
7250 419
9096 6002
152 8444
6342 6579
3322 5615
4989 9671
8753 2357
8535 7938
9499 334
470 9443
859 3401
7857 9039
5900 9008
6258 301
6786 6455
8894 1862
212 5383
1564 1378
4262 534
2472 8941
6721 905
3357 7868
1062 4703
8235 647
9133 2022
5044 6761
2946 5797
2533 3495
7199 4214
3726 4559
9140 2361
7131 4936
6873 3822
9839 6719
2066 3714
8748 6484
6750 1601
8032 9479
678 9143
807 1116
1832 6374
5120 2438
9336 4181
8785 45
6602 2974
738 8525
4925 6750
4757 2550
2614 3281
6377 6472
4356 4486
9870 2770
6126 8965
209 6244
1467 2839
57 6548
3340 5352
3960 1598
8307 9412
3525 4863
5490 7900
3055 9197
8945 7414
7673 1472
7681 4958
6051 857
6131 4494
4634 1347
9361 2743
8882 5149
8816 1111
343 6547
2050 8903
5079 8909
6111 5971
326 6367
3551 609
455 821
6787 290
6742 1
9098 1870
9553 3048
7098 2025
4452 5650
606 4797
8289 6565
3204 922
3422 5578
7570 778
9668 1239
1698 7778
9627 3443
9787 2695
96 1726
8283 9866
8126 365
579 7029
2860 5238
4330 3813
2314 6819
4515 6841
8162 3858
7058 9190
245 8006
476 1740
5354 1734
2066 260
9833 2310
172 1972
764 8516
3143 7188
7177 5234
8114 7427
2524 2236
9839 5872
3783 9802
3484 8215
8354 2749
7566 4350
3269 7452
5915 1012
3807 7398
9783 5294
7517 7808
8537 3489
2003 4450
4908 3661
4366 4626
1211 7763
8349 108
4457 4355
231 6142
1015 1861
7310 911
5908 9415
7354 416
3111 5430
674 785
3038 2380
3744 574
2982 305
466 2737
1357 1730
7673 3013
7866 7754
6601 1012
7082 5705
1397 2439
1155 1786
6194 5052
3829 7016
7498 8672
2902 5916
525 2763
1754 7991
4781 9334
5909 1197
3248 9862
7031 7390
4489 431
6666 1700
770 3982
7438 9422
7576 6758
6730 8760
5151 3532
6501 5169
1816 5946
2092 4693
4746 6552
9697 861
4343 814
2484 5297
4764 6005
8186 6024
2171 5742
1555 5887
9885 2110
1495 466
2336 3442
1670 5568
87 432
5766 1336
7967 4646
950 2175
3844 7285
3353 2626
5778 19
4622 12
3979 4830
5173 9892
5192 9076
9593 9240
774 5389
1603 8787
5724 3640
5291 462
1602 1941
888 2298
8912 5877
526 3321
9624 365
7738 7655
2378 5964
5976 2113
449 8573
2524 1623
7040 2016
6991 8045
8203 2092
7798 4084
9975 8877
3357 7109
2649 8074
6889 8131
6412 5565
7396 5257
6386 6922
1973 222
283 197
7934 431
2978 107
2245 8993
993 1025
9826 1659
3583 7599
7746 3932
5572 7747
7398 7473
7553 4308
8 6003
1213 7178
3412 8159
9249 119
5715 8616
9736 5482
5951 1985
4662 6829
3170 5281
9698 930
8319 5656
7167 9919
6663 4542
1669 3301
6226 1734
3566 7150
4795 726
4612 4196
8159 3094
8335 4558
899 4362
9720 4854
3335 5798
4941 984
9243 6698
7647 2194
7005 4930
7178 4886
6136 5357
1880 1768
9850 1060
1564 1377
2203 8008
4857 7714
3507 4574
6733 6114
9697 163
629 4347
6708 3774
7033 10
7486 104
5542 8952
9094 7819
4916 787
1790 6183
3923 6949
1766 1371
3820 4193
5386 5012
7433 3361
5968 5536
9525 4399
4260 8239
3223 9346
316 3784
6377 9136
7684 8355
7197 6103
8532 3505
5886 5506
8638 3444
9479 3926
7649 7268
2091 8099
6905 3208
8035 6347
8912 5560
3064 6549
4616 8193
8724 7062
5414 2797
4741 6706
2357 6990
5621 7973
1741 6977
4674 354
6244 8783
5105 8852
4675 6845
3830 491
3153 7728
8580 1322
3564 6117
8804 2504
4516 6143
9347 6079
6579 2157
5235 1118
122 5647
2349 6820
7964 2218
6557 8530
4985 6135
5086 4817
409 368
8768 2042
5605 4521
124 6624
4874 8972
6898 3890
9478 4574
9841 8728
5598 625
3965 1114
9041 9181
3255 7862
2034 6358
2144 5616
1993 6089
4732 1915
6865 1601
7304 6468
6401 5503
3786 9302
492 7753
9159 288
2177 4578
72 2728
241 3333
2461 3971
3430 3188
1773 956
5217 9100
5089 98
6066 6270
2584 7192
2246 4889
5389 4880
1054 9946
9923 1125
5568 3407
639 9346
1560 7924
3900 192
2085 879
7628 3621
3671 6469
1885 8555
6465 934
3354 6693
8286 2247
4976 7272
5428 7797
7709 8093
8802 8334
3392 7837
8799 9790
8700 8550
8365 9376
8671 1441
9813 1767
2084 5215
3313 6123
6023 4463
4201 8657
5906 8430
7377 9614
7041 2391
4686 3062
3275 5662
1586 4830
7952 9217
8781 791
5631 8497
6426 9284
4706 7365
6759 8242
5857 8076
8881 5469
5334 268
4481 2435
6681 6491
5892 1078